0 2 0
0 2.5 0
0 3 1
0 3.5 0
0 4 2
0 4.5 6
0 5 110
0 5.5 129
0 6 21
0 6.5 6
0 7 4
0 7.5 11
0 8 15
0 8.5 33
0 9 88
0 9.5 9098
0 10 10127
0 10.5 943
0 11 353
0 11.5 84
0 12 32
0 12.5 0
0 12.5 -1
40 2 0
40 2.5 1
40 3 1
40 3.5 0
40 4 9
40 4.5 138
40 5 65
40 5.5 2
40 6 10
40 6.5 12
40 7 5
40 7.5 29
40 8 48
40 8.5 979
40 9 12109
40 9.5 11292
40 10 904
40 10.5 228
40 11 81
40 11.5 28
40 12 16
40 12.5 0
40 12.5 -1
80 2 0
80 2 -1
80 2.5 0
80 2.5 -1
80 3 0
80 3.5 1
80 4 7
80 4.5 44
80 5 133
80 5.5 75
80 6 32
80 6.5 86
80 7 2331
80 7.5 13145
80 8 10471
80 8.5 401
80 9 94
80 9.5 42
80 10 16
80 10.5 9
80 11 3
80 11.5 0
80 11.5 -1
80 12 0
80 12 -1
80 12.5 0
80 12.5 -1
120 2 5
120 2.5 5
120 3 16
120 3.5 31
120 4 66
120 4.5 187
120 5 754
120 5.5 12072
120 6 11077
120 6.5 885
120 7 106
120 7.5 35
120 8 13
120 8.5 7
120 9 9
120 9.5 8
120 10 5
120 10.5 5
120 11 2
120 11.5 6
120 12 2
120 12.5 0
120 12.5 -1
160 2 0
160 2.5 36
160 3 227
160 3.5 432
160 4 5400
160 4.5 14027
160 5 5837
160 5.5 57
160 6 37
160 6.5 27
160 7 10
160 7.5 22
160 8 0
160 8.5 93
160 9 11
160 9.5 1
160 10 2
160 10.5 1
160 11 2
160 11.5 0
160 12 0
160 12.5 0
160 12.5 -1
-160 2 15
-160 2.5 62
-160 3 298
-160 3.5 444
-160 4 8444
-160 4.5 12343
-160 5 3742
-160 5.5 40
-160 6 35
-160 6.5 31
-160 7 13
-160 7.5 9
-160 8 3
-160 8.5 15
-160 9 118
-160 9.5 111
-160 10 14
-160 10.5 0
-160 11 1
-160 11.5 0
-160 12 1
-160 12.5 0
-120 2 6
-120 2.5 7
-120 3 21
-120 3.5 58
-120 4 107
-120 4.5 282
-120 5 6894
-120 5.5 14478
-120 6 4196
-120 6.5 76
-120 7 29
-120 7.5 20
-120 8 18
-120 8.5 8
-120 9 68
-120 9.5 140
-120 10 30
-120 10.5 3
-120 11 2
-120 11.5 3
-120 12 0
-120 12 -1
-120 12.5 0
-120 12.5 -1
-80 2 0
-80 2 -1
-80 2.5 0
-80 2.5 -1
-80 3 0
-80 3 -1
-80 3.5 2
-80 4 6
-80 4.5 9
-80 5 18
-80 5.5 39
-80 6 70
-80 6.5 1373
-80 7 11552
-80 7.5 10508
-80 8 982
-80 8.5 216
-80 9 84
-80 9.5 26
-80 10 15
-80 10.5 6
-80 11 0
-80 11 -1
-80 11.5 0
-80 11.5 -1
-80 12 0
-80 12 -1
-80 12.5 0
-80 12.5 -1
-40 2 0
-40 2.5 1
-40 3 0
-40 3.5 4
-40 4 5
-40 4.5 6
-40 5 3
-40 5.5 6
-40 6 17
-40 6.5 91
-40 7 126
-40 7.5 55
-40 8 116
-40 8.5 7487
-40 9 14768
-40 9.5 4516
-40 10 320
-40 10.5 138
-40 11 39
-40 11.5 18
-40 12 7
-40 12.5 0
-40 12.5 -1
